#
#
#
#-----------------------PROBLEMA 1
#                                    Jaime Bravo.
#
#


#a) Varibale de decision

# A1 = Ton producidas de aleación A
# A2 = Ton producidas de aleación B
# X3 = Ton de mineral utilizada en la aleación A
# X4 = Ton de mineral utilizada en la aleación A
# X5 = Ton de mineral utilizada en la aleación A
# X6 = Ton de mineral utilizada en la aleación B
# X7 = Ton de mineral utilizada en la aleación B
# X8 = Ton de mineral utilizada en la aleación B
#
#b)	Funcion Obejtiva
#
# Max Z = 200x1 + 300x2 - 30(X1+X4) - 40(X2+X5) - 50(X3+X6)

# c) Restricciones.

# x1 + X2 <= 1000Total de mineral 1 para la aleación a y b
# x2 + X5 <= 2000Total de mineral 2 para la aleación a y b
# x3 + X6 <= 3000Total de mineral 3 para la aleación a y b

# -0.8A1 + 0.2X1 + 0.1X2 + 0.05X3 <= 0   Ton de mineral I,II,III para en la aleacion A 
# -0.3A1 + 0.1X1 + 0.2X2 + 0.05X3 <= 0   Ton de mineral I,II,III para en la aleacion A 
# -0.5A1 + 0.3X1 + 0.3X2 +  0.2X3 >= 0   Ton de mineral I,II,III para en la aleacion A 
# -0.4B2 + 0.1X4 + 0.2X5 + 0.05X6 >= 0 Ton de mineral I,II,III para en la aleacion B
# -0.6B2 + 0.1X4 + 0.2X5 + 0.05X6 <= 0   Ton de mineral I,II,III para en la aleacion B 
# -0.3B2 + 0.3X4 + 0.3X5 +  0.7X6 >= 0   Ton de mineral I,II,III para en la aleacion B 
# -0.7B2 + 0.3X4 + 0.3X5 +  0.2X6 <= 0   Ton de mineral I,II,III para en la aleacion B 
# X1 , X2 ,X3, X4 , X5 ,X6 >= 0  No negatividad	
#
#
#			 
#        			
#    D)	Modelo matematico
# 
#			Max Z = 200A1 + 300B2 - 30(X1+X4) - 40(X2+X5) - 50(X3+X6) 
#                     
#  -0.8A1 + 0.2X1 + 0.1X2 + 0.05X3 <= 0 
#  -0.3A1 + 0.1X1 + 0.2X2 + 0.05X3 <= 0  
#  -0.5A1 + 0.3X1 + 0.3X2 + 0.2X3  >= 0  
#  -0.4B2 + 0.1X4 + 0.2X5 + 0.05X6 >= 0  
#  -0.6B2 + 0.1X4 + 0.2X5 + 0.05X6 <= 0  
#  -0.3B2 + 0.3X4 + 0.3X5 + 0.7X6  >= 0  
#  -0.7B2 + 0.3X4 + 0.3X5 + 0.2X6  <= 0  
# x1 + X4 <= 1000                   
# x2 + X5 <= 2000              
# x3 + X6 <= 3000                     
# X1 , X2 ,X3, X4 , X5 ,X6 >= 0                
#
# E)	
#
#       
#	
c <- c(200,300,-30,-40,-50,-30,-40,-50)


a <- matrix(c(-0.8,0,0.2,0.1,0.05,0,0,0,  
               -0.3,0,0.1,0.2,0.05,0,0,0,  
               -0.5,0,0.3,0.3,0.2,0,0,0,  
               0,-0.4,0,0,0,0.1,0.2,0.05,  
               0,-0.6,0,0,0,0.1,0.2,0.05, 
               0,-0.3,0,0,0,0.3,0.3,0.7, 
               0,-0.7,0,0, 0,0.3,0.3,0.2,   
               0,0,1,0,0,1,0,0,  
               0,0,0,1,0,0,1,0,  
               0,0,0,0,1,0,0,1),  
             ncol = 8, byrow = TRUE)


d <- c("<=","<=",">=",">=","<=",">=","<=","<=","<=","<=")


b <- c(0,0,0,0,0,0,0,1000,2000,3000)

sol <- lp(direction = "max",
               objective.in = c,
               const.mat = a,
               const.dir = d,
               const.rhs = b)


sol$solution
#[1] 1800  1000  1000    0  3000     0  2000     0
#Se deben producir: 1800 toneladas de aleacion A y 1000 toneladas de aleacion B

#primera restricción
-0.8*sol$solution[1] + 0*sol$solution[2] + 0.2*sol$solution[3] + 0.1*sol$solution[4] + 0.05*sol$solution[5] + 0*sol$solution[6] + 0*sol$solution[7] + 0*sol$solution[8]
#Cumple con la restriccion de que sea <=0 S1=1090

#segunda restricción
-0.3*sol$solution[1] + 0*sol$solution[2] + 0.1*sol$solution[3] + 0.2*sol$solution[4] + 0.05*sol$solution[5] + 0*sol$solution[6] + 0*sol$solution[7] + 0*sol$solution[8]
#Cumple con la restriccion de que sea <=0 S2= 290.

#tercera restricción
-0.5*sol$solution[1] + 0*sol$solution[2] + 0.3*sol$solution[3] + 0.3*sol$solution[4] + 0.2*sol$solution[5] + 0*sol$solution[6] + 0*sol$solution[7] + 0*sol$solution[8]
#Cumple con la restriccion de que sea >=0  S3= 0.

#cuarta restricción
0*sol$solution[1] + -0.4*sol$solution[2] + 0*sol$solution[3] + 0*sol$solution[4] + 0*sol$solution[5] + 0.1*sol$solution[6] + 0.2*sol$solution[7] + 0.05*sol$solution[8]
#Cumple con la restriccion de que sea <= 0  S4= 0.

#quinta restricción
0*sol$solution[1] + -0.6*sol$solution[2] + 0*sol$solution[3] + 0*sol$solution[4] + 0*sol$solution[5] + 0.1*sol$solution[6] + 0.2*sol$solution[7] + 0.05*sol$solution[8]
#Cumple con la restriccion de que sea <=0 S5= 200.

#sexta restricción
0*sol$solution[1] + -0.3*sol$solution[2] + 0*sol$solution[3] + 0*sol$solution[4] + 0*sol$solution[5] + 0.3*sol$solution[6] + 0.3*sol$solution[7] + 0.7*sol$solution[8]
#Cumple con la restriccion de que sea => 0 S6= -300.

#septima restricción
0*sol$solution[1] + -0.7*sol$solution[2] + 0*sol$solution[3] + 0*sol$solution[4] + 0*sol$solution[5] + 0.3*sol$solution[6] + 0.3*sol$solution[7] + 0.2*sol$solution[8]
#Cumple con la restriccion de que sea <= 0 S7= 100.

#octava restricción
0*sol$solution[1] + 0*sol$solution[2] + 1*sol$solution[3] + 0*sol$solution[4] + 0*sol$solution[5] + 1*sol$solution[6] + 0*sol$solution[7] + 0*sol$solution[8]
#Se utilizan 1000 ton de mineral 1 para aleacion a y b, S8=0.

#novena restricción
0*sol$solution[1] + 0*sol$solution[2] + 0*sol$solution[3] + 1*sol$solution[4] + 0*sol$solution[5] + 0*sol$solution[6] + 1*sol$solution[7] + 0*sol$solution[8]
#Se utilizan 2000 ton de mineral 2 para aleacion a y b, S9=0.

#decima restricción
0*sol$solution[1] + 0*sol$solution[2] + 0*sol$solution[3] + 0*sol$solution[4] + 1*sol$solution[5] + 0*sol$solution[6] + 0*sol$solution[7] + 1*sol$solution[8]
#Se utilizan 3000 ton de mineral 3 para aleacion a y b, S10=0.

#	f) 
sol
#4e+05 = 400.000

# La utilidad maxima es de 400.000 unidades monetarias, produciendo 1800 ton de Aleacion A y 1000 de aleacion B







# 
#----------------------------------PROBLEMA 2
#
#
#




#A) Variables de Decision		
#X1:	Cantidad de Pupitres a fabricar
#X2:	Cantidad de Bipersonales a fabricar
#X3:	Cantidad de Mesas a fabricar

#B) Funcion Objetiva		
# MaxZ:	30X1 + 20X2 + 50X3

#C) Restricciones		

# X1 + 2X2 + X3??? 4300	Metros de madera Disponibles
# 3X1 + 2X3 ??? 4600	Metros de tubo Disponibles
# X1 + 4X2 ??? 4200	Metros de formica Disponibles
# X1 , X2 , X3 ??? 0	No negatividad

#D) Modelo Matematico				
#El modelo programatico lineal queda de la siguiente forma :			

# MaxZ:	30X1 + 20X2 + 50X3		
# X1 + 2X2 + X3??? 4300	Metros de madera Disponibles		
# 3X1 + 2X3 ??? 4600	Metros de tubo Disponibles		
# X1 + 4X2 ??? 4200	Metros de formica Disponibles		
# X1 , X2 , X3 ??? 0	No negatividad		



#E)

#FO
# MaxZ:	30X1 + 20X2 + 50X3

C <- c(30,20,50)

#restricciones

A <- matrix(c(1,2,1,
           3,0,2,
           1,4,0),
  ncol = 3,
  byrow=TRUE
)

#direccion de ls desigualdades

D <- c("<=","<=","<=")
#Coeficientes lado de las restricciones

B <- c(4300,4600,4200)

#install.packages("lpSolve")
library(lpSolve)

